# TREC format relevance judgements
# Format: query_id  0  doc_id  relevance
# relevance: 0 = not relevant, 1 = relevant, 2 = highly relevant
#
# Example:
# 1  0  730  2
# 1  0  1203  1
# 1  0  4521  0

1 0 2364570 2
1 0 1092050 2
1 0 1000500 1
1 0 1653790 1

2 0 1513840 2
2 0 1951480 2
2 0 2468540 1
2 0 498280 1

3 0 2743970 2
3 0 48950 2
3 0 267730 2
3 0 847230 1

4 0 2416600 2
4 0 594160 2
4 0 1349740 1

5 0 711550 2
5 0 302850 1
5 0 1132640 1

6 0 641780 2
6 0 1221590 2
6 0 1026110 1

7 0 1257550 2
7 0 2248380 2
7 0 1161830 2

8 0 1583190 2
8 0 237870 2
8 0 352430 2
8 0 502720 1

9 0 2717750 2
9 0 2166500 1
9 0 1478220 1

10 0 1268100 2
10 0 2289970 1
10 0 1651950 1
10 0 512220 1